name: mefmri
channels:
  - conda-forge
  - defaults
dependencies:
  - blas=1.0=mkl
  - bottleneck=1.4.2=py312h4b0e54e_0
  - brotlicffi=1.0.9.2=py312h5da7b33_1
  - bzip2=1.0.8=h2bbff1b_6
  - ca-certificates=2025.9.9=haa95532_0
  - certifi=2025.10.5=py312haa95532_0
  - cffi=2.0.0=py312h02ab6af_0
  - charset-normalizer=3.3.2=pyhd3eb1b0_0
  - expat=2.7.1=h8ddb27b_0
  - icc_rt=2022.1.0=h6049295_2
  - idna=3.7=py312haa95532_0
  - importlib_resources=6.5.2=py312haa95532_0
  - intel-openmp=2025.0.0=haa95532_1164
  - joblib=1.5.2=py312haa95532_0
  - libffi=3.4.4=hd77b12b_1
  - libiconv=1.16=h2bbff1b_3
  - libxml2=2.13.8=h866ff63_0
  - libxslt=1.1.41=h0739af5_0
  - libzlib=1.3.1=h02ab6af_0
  - lxml=5.3.0=py312h395c83e_1
  - mkl=2025.0.0=h5da7b33_930
  - mkl-service=2.5.2=py312h0b37514_0
  - mkl_fft=1.3.11=py312h5810407_1
  - mkl_random=1.2.8=py312h8683371_1
  - nibabel=5.3.2=pyha770c72_1
  - nilearn=0.12.1=pyhd8ed1ab_0
  - numexpr=2.11.0=py312ha02bb35_1
  - numpy=2.3.3=py312hc2e1e29_1
  - numpy-base=2.3.3=py312hc851d2b_1
  - openssl=3.0.18=h543e019_0
  - packaging=25.0=py312haa95532_1
  - pandas=2.3.3=py312ha5e6156_0
  - pip=25.2=pyhc872135_0
  - pycparser=2.23=py312haa95532_0
  - pysocks=1.7.1=py312haa95532_0
  - python=3.12.11=h716150d_0
  - python-dateutil=2.9.0post0=py312haa95532_2
  - python-tzdata=2025.2=pyhd3eb1b0_0
  - pytz=2025.2=py312haa95532_0
  - requests=2.32.5=py312haa95532_0
  - scipy=1.16.2=py312h86a6471_0
  - setuptools=80.9.0=py312haa95532_0
  - six=1.17.0=py312haa95532_0
  - sqlite=3.50.2=hda9a48d_1
  - tbb=2022.0.0=h214f63a_0
  - tbb-devel=2022.0.0=h214f63a_0
  - tk=8.6.15=hf199647_0
  - typing_extensions=4.15.0=py312haa95532_0
  - tzdata=2025b=h04d1e81_0
  - ucrt=10.0.22621.0=haa95532_0
  - urllib3=2.5.0=py312haa95532_0
  - vc=14.3=h2df5915_10
  - vc14_runtime=14.44.35208=h4927774_10
  - vs2015_runtime=14.44.35208=ha6b5a95_10
  - wheel=0.45.1=py312haa95532_0
  - win_inet_pton=1.1.0=py312haa95532_0
  - xz=5.6.4=h4754444_1
  - zlib=1.3.1=h02ab6af_0
  - pip:
      - asttokens==3.0.0
      - colorama==0.4.6
      - comm==0.2.3
      - contourpy==1.3.3
      - cycler==0.12.1
      - debugpy==1.8.17
      - decorator==5.2.1
      - executing==2.2.1
      - fonttools==4.60.1
      - ipykernel==7.0.1
      - ipython==9.6.0
      - ipython-pygments-lexers==1.1.1
      - jedi==0.19.2
      - jupyter-client==8.6.3
      - jupyter-core==5.9.1
      - kiwisolver==1.4.9
      - matplotlib==3.10.7
      - matplotlib-inline==0.1.7
      - nest-asyncio==1.6.0
      - parso==0.8.5
      - patsy==1.0.2
      - pillow==11.3.0
      - platformdirs==4.5.0
      - prompt-toolkit==3.0.52
      - psutil==7.1.1
      - ptitprince==0.3.1
      - pure-eval==0.2.3
      - pygments==2.19.2
      - pyparsing==3.2.5
      - pyzmq==27.1.0
      - scikit-learn==1.7.2
      - seaborn==0.13.2
      - stack-data==0.6.3
      - statsmodels==0.14.5
      - threadpoolctl==3.6.0
      - tornado==6.5.2
      - traitlets==5.14.3
      - wcwidth==0.2.14
prefix: C:\Users\aboha\.conda\envs\mefmri
